0
3.78751e-17
1.90104e-16
1.88331e-16
1.88961e-16
6.82636e-16
1.17441e-15
1.7479e-15
2.57291e-15
3.17156e-15
3.24186e-15
4.11733e-15
4.86955e-15
5.58191e-15
6.16966e-15
6.72266e-15
6.7363e-15
7.16042e-15
7.58784e-15
7.97846e-15
8.80893e-15
9.14786e-15
9.52784e-15
1.01307e-14
1.01437e-14
1.04116e-14
1.06875e-14
1.08894e-14
1.11203e-14
1.1347e-14
1.13581e-14
1.13844e-14
1.15469e-14
1.1923e-14
1.20893e-14
1.23767e-14
1.25631e-14
1.26852e-14
1.27947e-14
1.29058e-14
1.30225e-14
1.30185e-14
1.30259e-14
1.31258e-14
1.32386e-14
1.33348e-14
1.34223e-14
1.35121e-14
1.35047e-14
1.3493e-14
1.35762e-14
1.3577e-14
1.36384e-14
1.36343e-14
1.3617e-14
1.36171e-14
1.36209e-14
1.36172e-14
1.36747e-14
1.37309e-14
1.38486e-14
1.39062e-14
1.39753e-14
1.39692e-14
1.39737e-14
1.39733e-14
1.4016e-14
1.40476e-14
1.40472e-14
1.40527e-14
1.4099e-14
1.41729e-14
1.42589e-14
1.42736e-14
1.42668e-14
1.42737e-14
1.42669e-14
1.42719e-14
1.43056e-14
1.43391e-14
1.43726e-14
1.44099e-14
1.44492e-14
1.44791e-14
1.45131e-14
1.45684e-14
1.45981e-14
1.45957e-14
1.45974e-14
1.46288e-14
1.46552e-14
1.46918e-14
1.47083e-14
1.47347e-14
1.47988e-14
1.48881e-14
1.49718e-14
1.50371e-14
1.50723e-14
1.50996e-14
1.51002e-14
