0
0.00553642
0.0106604
0.0153244
0.0198197
0.0257657
0.0302739
0.034762
0.0403458
0.0452476
0.0495537
0.0545897
0.0602548
0.0649651
0.0695762
0.0753956
0.0799062
0.0847447
0.0900147
0.0949978
0.099599
0.104505
0.110365
0.114571
0.119336
0.125074
0.129501
0.134295
0.139427
0.145001
0.14937
0.154276
0.160329
0.164468
0.169087
0.175286
0.179652
0.184165
0.189585
0.194859
0.199214
0.204042
0.21011
0.214216
0.218971
0.224667
0.229621
0.234262
0.239677
0.244603
0.249016
0.253828
0.259625
0.264295
0.268832
0.27471
0.279263
0.283807
0.289033
0.294466
0.298924
0.303662
0.309826
0.314514
0.319478
0.324016
0.328863
0.334576
0.33971
0.344366
0.348646
0.353444
0.35993
0.364468
0.369208
0.374277
0.37905
0.38348
0.388437
0.394086
0.398511
0.403286
0.409611
0.413587
0.418238
0.423637
0.42881
0.433185
0.438232
0.443905
0.448325
0.453058
0.45912
0.463514
0.468074
0.473534
0.478521
0.483133
0.488091
0.493569
0.498214
